8351704896
8610021759
8610864743
8610222600
8611181105
8611433321
8608009450
8612664757
8609548057
8608466029
8604660765
8612644479
8612599904
8611810676
8607514930
8611992037
8610482388
8602207699
8578908388
8609145984
8612661127
8605713015
8610882384
8540156992
8612374626
8610739042
8612013590
8527971545
8605296615
8603724447
8612575489
8611479400
8608443131
8609185056
8609102416
8612614989
8609602936
8525137856
8612383821
8612216825
8610396610
8607678456
8605662036
8611661190
8611784346
8605757239
8612654425
8612090790
8612469507
8612668792
8605795687
8608998709
8605242099
8587037816
8605792034
8498822082
8612675557
8604575250
8593044474
8611135452
8611125101
8596587299
8612695134
8608901404
8601172807
8608345311
8612686571
8607890594
8607181678
8600522546
8609124551
8611585012
8612648616
8611980083
8598062674
8610760928
8612694746
8611169914
8611466493
8610027358
8610594899
8612029226
8612639656
8612694528
8437516350
8612682993
8608684211
8611923053
8612682587
8609574284
8610989798
8612639301
8612701890
8608979537
8608721792
8610189025
8607746323
8610184495
8607780724
8612699975
8606881383
8611673457
8611083901
8604275263
8610912604
8608896243
8609374949
8611767759
8603287898
8612619143
8609171267
8610690602
8562654343
8604589555
8608540106
8603372734
8612700025
7895357913
8611719327
8608684499
8611770204
8612700128
8612680973
8610960547
8610886663
8609598083
8477632670
7188162356
8611503756
8612490943
8612640668
8612666293
8610892050
8612612614
8612248520
8612108870
8611822062
8611626783
8610729129
8612094810
8612159877
8611098335
8611857633
8612644711
8612643871
8611552412
8612027258
8612634430
8612224442
8450192630
8612192306
8610947798
8611763130
8610743748
8612587151
8612655958
8610208968
8610864302
8612702185
8611046359
8610986564
8612546562
8612631528
8611089036
8612616924
8612660319
8612156818
8611679354
8612701525
8611909359
8611087300
8612090870
8610241608
8612542462
8611929466
8612043482
8559401782
8504387720
8605917879
8610778666
8612697342
8610119783
8608688085
8610636699
8612283603
8604202445
8555019194
8611131842
8612582981
8612573951
8612684024
8612460733
8612531473
8608302680
8612345033
8612687702
8612068893
8612293790
8090630302
8601278719
8602327635
8610523691
8612591024
8612188438
8612516905
8612122463
8612119330
8611421536
8607654761
8604175846
8612622641
8611887274
8610648122
8611609751
8612617862
8611466626
8611762163
8612600144
8612644352
8573646229
8612522356
8612703493
8612526204
8610127934
8558269735
8612703545
8612705115
8590296884
8612701432
8612700189
8612706794
8612592916
8608816523
8612706657
8612698829
8609701993
8607678811
8611212082
8572638440
8612005949
8573917354
8612699006
8612692094
8591800498
8606788109
8612701597
8612701563
8612691438
8612705835
8612700886
8602318817
8612641094
7899565716
8612697099
8612701854
8612705657
8612615805
8608771645
8612680002
8573106623
8604684811
8612701624
8612686693
8612622067
8611825600
8610295824
8612701724
8612702168
8612704769
8612700184
8612694604
8609394408
8612550300
8582561603
8612704598
8608163513
8606795617
7153127612
8612704770
8612709132
8612706669
8579814417
8612709227
8610137899
8580138347
8612669240
8612708314
8612704986
8610512118
8609214282
8608295446
8612706848
8612707224
8580144372
8612706485
8612677949
8612707871
8612699423
8612708678
8612708798
8612703877
8588278856
8612388356
8612704693
8612701542
8612708617
8612688349
8612289630
8612707510
8612693002
8612659544
8609835429
8612705197
8612707747
8612699610
8612704608
8612707349
8222684802
8612703154
8594491201
8610184919
8612704877
8611544181
8612705296
8612708141
8609141159
8235105996
8612691704
8612587971
8612683141
8612675818
8612479524
8607559347
8612056395
8612704547
8612566046
8612652595
8564479035
8609808755
8612642013
8612590637
8610780489
8612604405
8612695063
8611824328
8612389332
8611542728
8612648990
8612318479
8612694482
8611087677
8612689404
8612276525
8610617098
8612650327
8612706044
8612629616
8612459051
8612621469
8612675306
8612612848
8612696414
8612348870
8612647809
8612641400
8612701346
8612459222
8610605290
8611996272
8612361286
8612164877
8612649803
8612668067
8605663166
8612694220
8579462280
8612655143
8612709689
8612705719
8612697607
8612706927
8612707737
8611496021
8612709315
8612700609
8612708984
8612709234
8612704876
8612536129
8612709453
8612677887
8612707836
8612705797
8612707041
8612429838
8612694952
8611447368
8612352246
8612675516
8612707014
8612702629
8612708192
8612702456
8612326129
8612707336
8610543075
8612707106
8612708256
8608390220
8607590885
8612702505
8612704578
8612705789
8612698991
8612662586
8612697260
8612705631
8612211515
8612683132
8612706397
8612705286
8594553205
8612705851
8612662549
8612662285
8592082484
8612708893
8612381976
8612719658
8612581493
8611838579
8612436115
8612716970
8610505755
8612558587
8612695106
8612681230
8611476611
8612722030
8612719870
8610485564
8612304876
8612374329
8612701608
8610518039
8612706477
8612621811
8612571429
8608539926
8612632104
8612600258
8611039681
8611605313
8612205815
8610789274
8612536951
8612074385
8611874915
8606118505
8611527528
8612710214
8612518266
8611457189
8610554255
8612397992
8611893468
8612604265
8611076594
8610990297
8611866951
8610847464
8609105805
8611333153
8611943359
8612549357
8610237997
8522939360
7863861597
8612713604
8612323223
8611886193
8611769121
8612706143
8612723101
8612404141
8609267164
8611477063
8611492334
8612655469
8611106206
8612721396
8611043744
8611025942
8612713732
8611505412
8612195838
8608352361
8611874061
8575170099
8611960607
8612061305
8611728640
8463743816
8606248538
8612158526
8612686339
8507915252
8612557227
8511090102
8608000769
8606639220
8608942693
8601592974
8612488173
8611490594
8611479216
7193377559
8608228185
8612714531
8612437508
8611044310
8611672717
8612544204
8612373123
6071230211
8532751384
6071259325
8611662142
8612285796
8611925256
8610946289
8611736224
8611930146
8612201131
8610101093
8611560227
8612553946
8611400622
8606360726
8607452590
8611419143
8608309877
8611536078
8609313350
8608948807
8612651766
8610757673
8611056149
8608342011
8611794777
8612699232
8611705815
8612695184
8612572079
8610517039
8612706099
8611712253
8612577665
8612698876
8612268339
8612695980
8610605584
8612072427
8611162919
8612614531
8608117950
8375330724
8611546878
8612158919
8612664557
8612546423
8611806310
8611820118
8610230253
5823696439
6873025769
8611107489
8611107232
8611757567
8611347146
8612648789
8611064787
8611059300
8611068408
8611354179
8611056580
8611058868
8611434461
8611371905
8611338088
8612715938
8611734402
8611383804
8611053278
8611288853
8611106939
8531577946
8611140702
8611337438
8611360796
8611343173
8611106639
8611064117
8611141169
8611464716
8611052488
8611140322
8611059074
8611357256
8611384161
8611062179
8612723679
8611287991
8611105556
8611056764
8610937767
8611318954
8611053869
8611077843
8611055713
8611362455
8611141546
8612665964
8611351629
8608639007
8597699545
8586034447
8611154872
8612518021
8612664146
8610678108
8611002062
8610991550
8611784716
8612721736
8612428193
8612243049
8612597924
8598332266
8603747835
8612114065
8612611541
8610509181
8610910256
3734450602
8611938801
8611900925
8610899544
8609170613
8612112320
8612522658
8612688494
8612399967
8609984957
8612591146
8612717442
8612717777
8610093798
8609964060
8611102064
8612662187
8612587490
8611065217
8596978018
8610424365
8612403768
8611832128
8610519067
8611130246
8611813883
8611631492
8579735083
8610459776
8610143096
8615949529
8601360275
8613868127
8617415733
8617392639
8617408566
8616452129
8616252922
8510839086
8614269078
8616096374
8616474382
8613695932
8616472848
8617409801
8607461434
8611880781
8617398849
8616036319
8616097224
8615946925
8609796207
8616952048
8612068063
8617410978
8615359593
8615207779
8614816009
8616908226
8614061709
8609830186
8617323294
8609237402
8617410970
8616274221
8615115149
8605803180
8617411382
8613229784
8612448323
8617393271
8617249549
8617413553
8615713539
8613682792
8613532864
8585707260
8317265402
8617374329
8380196870
8616067694
8616410816
8614764840
8616016272
8617253973
8606076450
8614790777
8617420548
8605594563
8603945284
8615378167
8615244465
8613813221
8514106734
8617410448
8617418147
8611458244
8616598646
8617191804
8602180130
8617420260
8616241700
8613894114
8612153353
8609231671
6314867614
8593378647
8614378932
8603728233
8587383041
8617420157
8614571822
8615574464
8514997648
8617152102
8617381863
8614270546
8617421745
8615480559
8616131790
8612984132
8616282929
8616115809
8617277878
8615702360
8615430740
8614326121
8617411872
8559438377
8616872421
8615738585
8617357704
8616473632
8616256423
8613711834
8613608581
8616970510
8616628230
8617420509
8617198560
8615601797
8617162803
8617420322
8617414104
8615011915
8617199863
8613447586
8617316844
8617270293
8617390510
8615313337
8612824189
8617010058
8615858961
8617065027
8617339079
8616619424
8616194832
8617150518
8617134045
8615177492
8618324117
8618346042
8616003096
8617386250
8613596354
8615067432
8617650676
8599030711
8617973759
8618543897
8617480608
8609323943
8618494279
8617085767
8616414915
8616708712
8617305319
8564218836
8615097356
8617957753
8553661652
8601517170
8590643659
8618084744
8617764317
8614360036
8612106674
8618541107
8618049564
8618100149
8617738487
8617661679
8617015266
8618098630
8002688932
8618141757
8618521118
8618531254
8618461511
8617980594
8607285790
8583737344
8617811452
8618546344
8618547446
8617940801
8618543725
8618550533
8608814957
8618426076
8618207206
8618366582
8617571299
8618513164
8617103974
8617808744
8616934708
8617798806
8618262583
8616377604
8618559869
8618361005
8618402087
8612819852
8617773609
8618275728
8617831648
8618550303
8618328721
8618551866
8617645291
8618423794
8617598922
8618516486
8608001720
8618557267
8618216715
8618490204
8558244373
8618502578
8618556161
8618469843
8617121229
8618440350
8618397387
8618543695
8618572794
8618253576
8614444549
8618511812
8618569092
8616059147
8617804218
8618569016
8617293387
8618572447
8617941906
8616214175
8618501995
8615040767
8618590430
8617759841
8616080187
8617556450
8618227143
8618313811
8617619120
8618590354
8617941888
8617583264
8617613296
8616137138
8617746984
8617544482
8615903659
8617956976
8617104008
8617969753
8617964535
8617384052
8617768493
8618384736
8618313424
8617655183
8618042221
8615459264
8618502188
8615390038
8614720217
8615887556
8618348377
8617956256
8618053209
8618342520
8616872120
8618477182
8617475501
8618507910
8617161646
8615553226
8618431896
8616093528
8618603443
8618600113
8618576289
8618590075
8208642404
8618596079
8618316427
8618602625
8618601626
8618601149
8618147956
8618126404
8618324351
8014616607
8618602278
8618598937
8618602620
8618533875
8618600154
8614226327
8618599061
8618602886
8617427098
8618584050
8618596477
8618601043
8616795310
8618601635
8618599764
8616612384
8618596010
8618599385
8618602126
8616199421
8618599647
8618600488
8617323132
8618596350
8615779086
8618590152
8565658380
8618393235
8617899927
8618599170
8617241817
8618564005
8618592805
8618043184
8618036145
8618189289
8617996029
8618184671
8618212928
8618220111
8617981536
8618262325
8617996861
8618035908
8618225296
8617999617
8615284877
8618172366
8617986169
8618172172
8617981465
8616425148
8618304046
8618184217
8617982967
8616426198
8617982665
8618216578
8618067370
8618231728
8617978711
8618183735
8618021597
8618374916
8618348277
8618067898
8618220448
8618227561
8617994735
8617994313
8616970720
8617988883
8617983690
8618037491
8618236831
8618036406
8618229351
8618533305
8618612076
8616691275
8618384990
8617824098
8617627402
8618526659
8612763955
8618576775
8618622690
8618623609
8618458397
8617039755
8618551097
8618284399
8618535099
8618540217
8616349714
8618629185
8615268222
8618043387
8610093076
8618574882
8618518907
8617840928
8617892242
8618624355
8617976199
8616901085
8618478831
8618590686
8217241383
8614840043
8618624076
8617699157
8618602070
8617867201
8609057412
8614813131
8597460709
8618580991
8618456733
8618287525
8616841995
8616723550
8618509206
8616957112
8615768731
8617780652
8605909236
8618604137
8612252103
8606981998
8593783900
8618445986
8618334474
8618260856
8618568621
8617193657
8615921094
8617491264
8611828038
8617966785
8618483601
8617216345
8617299747
8618187271
8618599609
8604191589
8617842761
8618600797
8617226345
8617575943
8618643250
8616243252
8617487918
8614549816
8614524750
8616431409
8618445672
8618542574
8618253210
8618619348
8618606014
8616790257
8614388707
8618031788
8616226455
8616691765
8617551298
8609873522
8618236003
8617575534
8617889096
8618639698
8618143064
8618110134
8617393444
8606763049
8617780956
8618659107
8618504544
8618254837
8618562495
8618321359
8618127939
8618589081
8618638013
8617848622
8618057437
8618649295
8580412736
8618018637
8625628317
8610758588
8638148735
8637619489
8635232401
8637738112
8636785226
8638136655
8595530227
8635033543
8638156266
8628081695
8633064098
8634355941
8635936436
8638170166
8633663628
8638072799
8636983134
8632653733
8637729262
8637048875
8637982648
8634627634
8627156548
8625770648
8629696294
8637590946
8636826906
8627854478
8636614726
8638130892
8637757627
8638178235
8634233472
8637585436
8629342332
8637686271
8635007729
8637597749
8628524973
8627898400
8638090997
8584845333
8638190507
8637736723
8636122448
8636990321
8629636145
8637924107
8639671054
8638983817
8515853689
8635136591
8639321592
8633573706
8639335240
8634040584
8640201619
8636277224
8638750725
8638763093
8635075080
8637783675
8315836541
8635893855
8637891621
8638798679
8639338797
8639009751
8636615513
8640095918
8620321661
8634807740
8626180976
8639741295
8625284670
8638254238
8640092548
8639007554
8640066319
8634506957
8634467275
8474487473
8640158671
8638059555
8631720906
8575451394
8633018648
8634575744
8639713496
8636132369
8576004117
8639433817
8629684255
8638893437
8637956276
8640265770
8636553587
8639720905
8599336646
8637974246
8640265172
8640095918
8635631952
8639181341
8635010246
8634573539
8640257960
8640269469
8630366902
8637311886
8620321661
8640241466
8613606007
8640265371
8638896463
8639007554
7988115541
8640094587
8630080703
8636582340
8640263842
8640261218
8639722834
8640234265
8582933914
8639761019
8639186303
8638817568
8638579393
8636047499
8634765395
8638531600
8630502706
8639299070
8528189619
8638178683
8639484174
8640263069
8634836768
8640250847
8638311200
8640239531
8639671054
8637602722
8639401238
8599336646
8639920180
8640233542
8639533481
8640280820
8638671690
8613606007
8635419843
8639298801
8630932202
8638114612
8639242100
8639359103
8640079854
8638009215
8639197414
8639650484
8635140301
8435151927
8623787346
8633411583
8635136591
8526150829
8632354680
8638008540
8640259702
8638508666
8640279253
8442272312
8628411899
8640282843
8630479903
8640277137
8637156674
8639484174
8640277320
8640280395
8639723018
8419489791
8568267596
8638014186
8636990359
8640232721
8640280894
8607422968
8639299070
8632624517
8640277423
8638579393
8545482205
8637815210
8640243890
8621358199
8634843895
8634286391
8637938676
8637195997
8635136591
8638483230
8630502706
8640095918
8640194740
8536008375
8637107232
8637767798
8637602722
8636615513
8640265042
8628446377
7810000287
8638231600
8620321661
8639506354
8636154756
8636925644
8635799348
8582933914
8638440698
8326208694
8633926838
8640291872
8638981920
8638683389
8640198856
8561449047
8610152378
8638483304
8638871011
8624622223
8631278880
8619035098
8635363270
8634575744
8581527943
8637246893
8637921737
8638641030
8635769543
8637759089
8640119447
8610152378
8640010756
8639573070
8634286391
8589886603
8639023747
8639730337
8541012953
8640306270
8628446377
8629999723
8625119035
8640269469
8640298853
8638462985
8489565976
8637032472
8634573539
8596057899
8619048162
8637005007
8637924107
8634575744
8206833467
8632859277
8635488707
8380224027
8636783083
8640243312
8640305530
8640305462
8639347094
8610339085
8631211384
8589133063
8637583322
8640209808
8639878289
8638003063
8640079854
8613312555
8636990359
8640296519
8635118726
8640236224
8640296957
8638794376
8633842059
8638829169
8635132262
8639010078
8640269469
8635118726
8640315701
7990323224
8594739745
8586927435
8639506354
8633594768
8634490555
8582379253
8631764519
8636379468
8427853091
8639484174
8636174578
8636249055
8634498006
8636796427
8565652492
8639321592
8631645906
8637077472
8639430455
8636990359
8633987400
6724145856
8579278812
8638854865
8596256924
8627644294
8637971126
8635769543
8640258275
8636925644
8637799514
8620255941
8636443285
8589886603
8639041709
8639347094
8639772762
8586662245
8633583377
8640123308
8636277224
8640325880
8599781045
8640326606
8639210719
8638579393
8640316147
8640071205
8640272901
8633284625
8634090427
8635393339
8639835477
8639204752
8640088261
8634535499
8635063813
8600313614
8640318005
8635081183
8639967704
8631729515
8594091516
8640301685
8635702563
8640010756
8632296892
8631664357
8634745150
8633814846
8591106559
8640221895
8623078888
8594932279
8638241793
8640324947
8640284517
8635800388
8638684156
8631968755
8635177134
8640285015
8638380571
8638008540
8638447271
8632008441
8625631545
8640319175
8627804573
8634024009
8640241466
8629069591
8635300765
8640268621
8635893855
8639534903
8640323662
8420327059
8632711416
8633626605
8639529164
8639236523
8638181577
8640280395
8638013019
8630126057
8561449047
8640234264
8640209808
8639128625
8634878059
8633215499
8640296806
8636990359
8633278439
8637602722
7859158658
8638109036
8638629853
8635488707
8168480308
8545235111
8637379621
8640329367
8630089595
8636015890
8638301525
8639506354
8638804704
8604881734
8636895351
8457473518
8635713285
8634767940
8633272355
8502234151
8629973984
8640095918
8640879121
8640238639
8640813506
8638744635
8639249701
8586259007
8640720450
8633729259
8639061938
8640463217
8633144488
8640506176
8637583845
8639853799
8640276422
8640213443
8640945468
8636933996
8638386821
8633682272
8639516144
8453292440
8640673253
8585052057
8640046832
8639799841
8640455564
8635000926
8640912641
8639887000
8636349373
8636166163
8640314080
8640922820
8639961827
8576702808
8638583166
8639348784
8640404443
8639171555
8640489568
8634949316
8627935522
8640455176
8640096308
8611727400
8636433245
8640688881
8640324021
8640344350
8639516144
8640315630
8640675069
8635634964
8639325304
8640013508
8639493872
8639608982
8639981421
8639348784
8639293793
8639346728
8636654957
8639804933
8640046832
8636213486
8640404443
8639936170
8640912641
8638473477
8640428925
8639853799
8638124557
8640463217
8639786188
8639956741
8631570368
8633682272
8623638089
8576045847
8631664967
8635398826
8586259007
8639376817
8640130931
8636063255
8627935522
8577111070
8639717786
8637525091
8639373424
8639772927
8639244847
8640065404
8640461077
8640922820
8641588317
8641743057
8541893673
8639861585
8640822754
8640127757
8640674382
8634029194
8635431783
8641772239
8641080660
8640637983
8641779529
8641762030
8640625259
8640218978
8626814028
8641742613
8641013344
8639966868
8640729072
8640749847
8641751791
8641720798
8639462990
8641781210
8639514034
8641546456
8641025406
8641404188
8641775715
8631367724
8638339941
8641699751
8641730069
8640211182
8641780628
8635844608
8632294285
8640973488
8641582436
8640252031
8639677761
8641524424
8200040353
8642407661
8634407777
8642548357
8639525254
8642221864
8642051331
8642127576
8642480663
8640018413
8642548311
8641528999
8640854404
8630974791
8642446989
8642461281
8642000148
8642364714
8640645091
8641461228
8642432161
8641359600
8642414615
8640323744
8642545059
8642541080
8641865047
8642542591
8600972641
8638487642
8603361804
8642396596
8642495255
8638260203
8633267961
8642515794
8642226469
8642439476
8640623191
8638942417
8642553716
8600488034
8640939302
8640920246
8642553625
8585199824
8640711096
8638479312
8642226469
8641045719
8641003968
8637070292
8642553314
8641403460
8642543669
8641882858
8642553232
8631280558
8642398943
8603361804
8640702572
8638238962
8641045519
8626927775
8642140013
8329749130
8642520427
8642331576
8385989712
8634246239
8640938570
8641673256
8636001795
8641890426
8626650126
8640970776
8642539719
8642454228
8633049741
8393805255
8629993510
8642506576
8642561656
8642342395
8640736246
8640675804
8631081064
8219447857
8641118331
8642411433
8641719000
8642574939
8639266501
8498223489
8640200967
8642535673
8642382310
8641674774
8642003339
8633355804
8640682046
8635252212
8626310997
8632461521
8633353851
8642585829
8641674774
8642506576
8641344674
8642355008
8625940626
8641342016
8642569861
8642502347
8641659888
8371563279
8640704158
8642023146
8628468913
8638958361
8642522793
8642574676
8641118331
8642411433
8642418540
8639732407
8642437509
8641088759
8642582884
8642582970
8641604489
8642544363
8640678044
8642227518
8642087664
8604711216
8592273343
8604255822
8642944936
8641340352
8641871087
8642154245
8640421978
8148347803
8642926933
8642915907
8633134772
8642771220
8638105450
8642103110
8642917669
8642908028
8640628804
8642922941
8642783532
8562716855
8642754582
8641280611
8636329514
8637586226
8641687350
8642866245
8641196949
8642771220
8642948819
8593437843
8642900595
8482812855
8642825239
8642918531
8642941530
8642922473
8642915587
8640950259
8595421925
8639388583
8625171678
8623766425
8641280611
8642795500
8623647869
8592273343
8583999710
8635792040
8641348836
8469756951
8604255822
8516165317
8633975050
8633170658
8630217283
8361693862
8640463536
8643096399
8620889050
8628604230
8481129700
8636853644
8643084249
8630737237
8638506874
8643005080
8439973472
8642073072
8642835771
8640741667
8642959123
8640398921
8433360014
8643097885
8639488646
8642942700
8495372155
8642754771
8643420803
8643233610
8636524001
8643561828
8498856293
8641095861
8643585836
8639877118
8487779042
8643590462
8637018318
8642471253
8643574374
8643573589
8632783040
8643519946
8638285831
8560041633
8578339996
8642777724
8638390177
8643343517
8635535484
8643055212
8643570639
8635464553
8635249067
8640663707
8643559988
8641620451
8643039568
8640679714
8641849351
8309121705
8643598441
8642793919
8637828213
8641574391
8643407048
8641058717
8560041633
8642662442
8637018318
8626995361
8643597112
8643410157
8556354321
8643295817
8639977784
8641500581
8640076147
8643559988
8642496623
8643574721
8643574374
8238854847
8640836984
8641172810
8643392192
8639823650
8641693666
8643595990
8640394378
8641812426
8642055791
8641414550
8627729354
8620989400
8643560841
8633970905
8642923448
8643620088
8642495921
8643511718
8643606481
8643415503
8643609785
8643485362
8641336785
8623049123
8641593503
8640657433
8568818904
8641662925
8642921764
8642074413
8643130959
8643368432
8642807734
8640499970
8643414506
8643088540
8643606481
8619172605
8643621072
8643610868
8633819931
8639382343
8640795066
8642786558
8643616902
8642763443
8414225139
8642923448
8643418036
8643604931
8641113460
8597079476
8606212370
8643471552
8643595392
8642828661
8449081685
8641946934
8631541113
8643415309
8642601994
8642404767
8633034745
8634119012
8643223945
8643607538
8643589392
8642989129
8642835967
8640690370
8643150017
8643241247
8631917420
8642823055
8643119109
8643849705
8631051676
8643176756
8644374724
8410987048
8627148102
8644279637
8644231171
8643688713
8643544770
8644394489
8644359685
8643636029
8632462853
8643608184
8643761340
8644248239
8633278115
8643531152
8642678016
8643565161
8644244142
8642373327
8644399933
8642528300
8644295219
8642988128
8630167721
8635396475
8642753703
8618449795
8644427930
8644496605
8644469968
8643710247
8642934006
8640977264
8644234530
8644339485
8643539166
8644476307
8641136679
8639422631
8643978932
8631224455
8644474426
8643108206
8644529458
8643554089
8643939410
8616371591
8646225456
8644906930
8644716321
8644404442
8646027653
8643329728
8645960768
8644781878
8619035462
8641521170
8645247892
8646127393
8645481638
8645668046
8644724769
8646145648
8644421001
8646170667
8644336905
8645237207
8645311141
8646749363
8646717747
8646765486
8641529202
8644986503
8646075281
8645757128
8646826926
8596177630
8663576630
8657051265
8667892819
8671717219
8670336807
8671854401
8671310963
8671008021
8673170367
8670270905
8672137349
8670066965
8669100737
8663713069
8654499025
8668861327
8655781492
8673529130
8672120510
8673527251
8670867233
8670843147
8671044380
8666589998
8665280207
8669812171
8669994879
8673514426
8673461537
8665313687
8680554955
8655565335
8681375625
8682343608
8682386476
8682383265
8680426499
8682346645
8681559629
8679913666
8682426812
8681915728
8682310656
8678761369
8682365497
8681060118
8680548940
8677933796
8671320658
8558813088
8678684483
8672279473
8679761152
8682441979
8681255354
8674426903
8680641796
8673282397
8682447283
8646966632
8682387110
8670731895
8680618835
8682450616
8663700318
8671415243
8682450585
8668464409
8682415358
8675295385
8668021295
8664147590
8682433670
8680445302
8681272880
8680079048
8681994050
8682234917
8671526894
8674976530
8682365543
8663576630
8663576630
8682951747
8688158333
8690757604
8689905669
8672190665
8694000288
8745303693
8792384513
8781650918
8853988989
8767586581
8852633783
8854172436
8855128493
8519105330
8690807502
8854051001
8855149678
8855126627
8825582220
8855143625
8855151405
8790852063
8852791610
8854576143
8854280997
8847107174
8851659758
8809470400
8855151005
8853704561
8853584881
8854013088
8426455415
8370900996
8850965997
8847845601
8853333341
8853887604
8316056985
8853039063
8855118142
8848997557
8853866150
8852655401
8843740063
8830733734
8841959598
8854366214
8833809107
8855100783
8855150740
8847804200
8792991414
8853693001
8852338030
8726680849
8851573942
8853942396
8850300049
8855136226
8852584059
8849531179
8855138981
8852826947
8855140376
8854630610
8848158191
8853042874
8825832402
8854848964
8845835220
8851800363
8854558887
8786069931
8855581895
8855183581
8855518384
8855582856
8829787708
8855043320
8854666763
8855336219
8854969488
8852575443
8855098212
8835069049
8855403047
8853469656
8849386700
8853702982
8478756928
8854391071
8313963678
8855501717
8855465247
8853284467
8854465898
8855021862
8855235634
8855527052
8855502856
8845431487
8856470893
8856774881
8855905119
8786076070
8856964099
8856095646
8854950114
8198032743
8856683440
8856934577
8858731744
8709092430
8859171489
8859238273
8852588587
8859238693
8856716384
8809655104
88559937818896139065
8896253886
8894188699
8889300001
8890456252
8892536924
8895791595
8932178174
8932222917
8932314994
8930440411
8932850116
8933719978
8907755581
8933068890
8933869971
8898753539
8923766666
8933890649
4050658146
6171719001
8932239321
2803728487
2852632037
8944726203
8944271480
7530326411
8675484755
8939126810
8919446567
8939058709
8894368915
8784200547
8934448764
8913445022
8927388670
8923924830
8915311054
8753846164
8884255575
8903289131
8900399790
8898152601
8893252938
8949620641
8969344091
8984223071
8984076169
8983324600
8982166784
8979021273
8984930406
8979302846
8984943530
8984217200
8982897737
8984949688
8980149994
8978621708
8984731749
8957024300
8882991944
8977713259
8970841432
8984848907
8984148043
8985406342
8985221325
8975819449
8960719789
8980996854
8981081133
8978296529
8985459720
8977308594
8976477099
8984472279
8978382953
8978116173
8977373853
8984207389
8966330590
8980419398
8984047534
8978157618
8985235052
8978587927
8980745365
8980457906
8855172371
8982895553
8976410927
8984444450
8983066042
8977651441
8974886522
8976276807
8985361262
8953627766
8985483007
8985455809
8983778833
8980923885
8846707177
8966719786
8981375965
8969418838
8973993059
8984802783
8984536610
8448504529
8989522912
8964149220
8989506987
8989440792
8989081517
8988437160
8979657240
8989293020
8985224078
8978221492
8989174298
8979782339
8989016660
8988030460
7806574393
8245173536
8988944346
7605865725
8988744398
8988720853
8988680254
8988668653
8988661333
8975343373
8988607603
8988572398
8988550835
8988522505
8986789031
8988402635
8955091569
8928425539
8988332091
8985688570
8988251548
8988204244
8988179927
8987264743
8936981212
8310158028
8987710762
8987950489
8771965498
8987913983
8987715181
8748409635
8778032264
8979985304
8966215302
8933046392
8929004460
8989464103
8987190391
8448504529
8310158028
8992114922
8748409635
8778032264
8990629555
8992040899
8936981212
8992002721
8991456417
8991859176
8991843848
8956672300
8991622158
8984663850
8991376386
8991266860
8991261331
8991252868
8991248443
8991242508
8991241525
8981894257
8991165754
7484026799
7609599052
8448504529
8310158028
8992114922
8748409635
8778032264
8990629555
8992040899
8936981212
8992002721
8991456417
8991859176
8991843848
8956672300
8991622158
<<<<<<< HEAD
8351704896
8949620641
8992881087
8986689970
8992668640
8988919421
8991294709
8990686207
8876688755
8993874879
8992611372
8992600274
8993447800
8993612963
8986157882
8993868150
8989876448
8964641280
8935407621
8993493604
8967931093
8992564540
8993039942
8992602225
8992639473
8992555282
8993842576
8986968477
8993874659
8990583469
8985749861
8974684577
8993580396
8993857730
8992471824
8993820572
8990019491
8993327459
8990834121
8993874367
8990724568
8988254843
8988666686
8992157010
8988493682
8983663992
8992202560
8987486895
8946528539
8938423293
8973939602
8993830730
8993857705
8993839308
8989424944
8993874237
8993874346
8981259256
8993534327
8992627671
8993777093
8993799797
8989409250
8993862525
8993876424
8903910498
8993818569
=======
1
8407687959
8996385687
8995824136
8996552990
8996398183
8987026527
8997066389
8986828497
8990607723
8989062850
8994347028
8996928613
8991441301
8992755154
8993399401
8462806354
8984670123
8996671713
8995318418
8995373855
8995591890
8996764769
8996705683
8996410712
8995779662
8996522749
8991411878
8996600850
8994828883
8995935706
8982171241
8996883763
8400723580
8995890541
8395784469
8995134327
8993643295
8537957615
8995067865
8996991370
8957347605
8715832309
8982589100
8419458344
8960543522
8961215926
8949450457
>>>>>>> c7239edfa3a35645f28a8b1c49376a53b3fa11a0
